       source  target                             timeStamp
0           1       2  {'timestamp': '15/04/2004,14:56:01'}
1           3       4  {'timestamp': '16/04/2004,22:50:39'}
2           5       2  {'timestamp': '19/04/2004,22:39:51'}
3           6       7  {'timestamp': '20/04/2004,05:40:19'}
4           8       7  {'timestamp': '20/04/2004,05:42:36'}
...       ...     ...                                   ...
59830    1899    1847  {'timestamp': '26/10/2004,07:44:08'}
59831    1899    1097  {'timestamp': '26/10/2004,07:47:16'}
59832    1899     277  {'timestamp': '26/10/2004,07:50:03'}
59833    1878    1624  {'timestamp': '26/10/2004,07:51:51'}
59834    1878    1624  {'timestamp': '26/10/2004,07:52:22'}

[59835 rows x 3 columns]

---------------------- BASIC METRICS ----------------------
Number of nodes: 1899
Number of edges: 59835
Graph density: 0.016600995144136092Average degree: 63.0173775671406
Degree distribution: [337, 11, 467, 1, 1, 315, 5, 276, 1289, 5, 3, 1210, 3, 4, 4, 1, 2, 2, 425, 11, 3, 4, 2, 1, 3, 118, 525, 1, 53, 75, 4, 958, 3, 219, 2, 326, 1, 333, 7, 2, 747, 609, 6, 239, 1, 5, 14, 471, 1, 185, 308, 184, 197, 6, 2, 37, 29, 56, 20, 97, 41, 193, 499, 5, 7, 10, 484, 362, 77, 44, 5, 549, 225, 223, 66, 15, 1, 9, 28, 68, 23, 8, 19, 51, 52, 13, 27, 128, 2, 77, 7, 5, 18, 13, 516, 41, 394, 27, 67, 7, 165, 81, 1179, 16, 1031, 3, 1, 3, 72, 5, 3, 5, 1, 69, 4, 3, 3, 48, 48, 27, 19, 8, 6, 189, 11, 4, 67, 530, 17, 2, 159, 95, 12, 15, 65, 3, 5, 4, 1, 61, 6, 150, 158, 376, 70, 30, 18, 4, 38, 1, 21, 94, 1, 35, 72, 2, 9, 4, 2, 25, 157, 30, 48, 17, 3, 14, 10, 65, 1, 1, 2, 92, 33, 118, 250, 611, 110, 1, 2, 45, 164, 5, 32, 61, 31, 9, 8, 5, 214, 29, 244, 4, 383, 537, 3, 1, 1, 37, 215, 1, 81, 6, 11, 348, 2, 3, 1, 3, 86, 2, 120, 475, 1, 148, 33, 3, 1, 1, 29, 185, 65, 14, 4, 142, 10, 5, 5, 98, 1, 1, 1, 3, 191, 140, 8, 175, 9, 3, 34, 1, 13, 243, 6, 58, 53, 1, 3, 35, 750, 278, 4, 266, 1, 564, 4, 37, 97, 3, 29, 147, 40, 2, 364, 2, 9, 98, 11, 1, 17, 8, 44, 168, 12, 45, 4, 41, 717, 63, 5, 9, 503, 166, 170, 5, 49, 49, 1, 171, 259, 11, 31, 2, 3, 58, 10, 156, 561, 198, 90, 25, 3, 234, 107, 5, 21, 160, 91, 505, 124, 6, 82, 138, 175, 108, 40, 266, 324, 75, 62, 2, 370, 30, 1546, 80, 488, 17, 25, 12, 42, 1, 3, 78, 39, 64, 95, 22, 204, 77, 89, 14, 380, 281, 96, 25, 36, 120, 4, 6, 57, 113, 13, 52, 163, 22, 167, 55, 384, 90, 40, 5, 48, 14, 28, 62, 89, 23, 195, 265, 1, 17, 53, 913, 48, 11, 84, 66, 100, 276, 77, 3, 2, 3, 2, 6, 19, 56, 13, 155, 476, 5, 96, 317, 251, 127, 12, 279, 1, 711, 25, 679, 20, 85, 15, 32, 118, 2, 59, 31, 134, 9, 5, 1, 154, 24, 144, 6, 3, 29, 11, 6, 15, 175, 64, 20, 63, 2, 4, 12, 185, 46, 547, 15, 4, 4, 3, 3, 156, 33, 108, 74, 10, 24, 32, 2, 40, 2, 204, 178, 55, 4, 14, 8, 8, 604, 1, 205, 4, 1, 3, 135, 5, 283, 202, 13, 78, 20, 5, 77, 67, 34, 5, 14, 33, 442, 553, 4, 47, 2, 250, 21, 228, 328, 230, 42, 3, 1, 39, 13, 9, 3, 3, 88, 6, 70, 540, 38, 24, 397, 2, 3, 55, 380, 153, 79, 3, 1, 49, 11, 296, 1, 14, 7, 207, 136, 10, 27, 51, 81, 5, 43, 3, 6, 212, 1, 343, 8, 96, 8, 3, 2, 1, 98, 1, 20, 9, 457, 39, 160, 47, 127, 5, 507, 41, 114, 36, 161, 183, 28, 84, 2, 76, 22, 12, 8, 151, 5, 417, 1, 9, 83, 466, 21, 11, 4, 1, 13, 73, 6, 456, 16, 28, 3, 113, 17, 14, 146, 6, 9, 3, 5, 18, 62, 110, 3, 19, 282, 11, 66, 13, 161, 7, 83, 52, 67, 132, 160, 12, 528, 247, 39, 50, 11, 86, 1, 802, 36, 70, 4, 201, 10, 16, 7, 2, 3, 255, 53, 745, 2, 37, 173, 191, 9, 2, 18, 84, 413, 48, 3, 15, 2, 19, 72, 2, 16, 33, 33, 6, 628, 202, 226, 13, 225, 54, 292, 50, 108, 5, 17, 85, 4, 18, 356, 1, 285, 24, 2, 10, 79, 39, 13, 2, 21, 3, 1, 2, 11, 48, 1, 6, 1, 1, 1, 130, 43, 23, 23, 7, 37, 730, 6, 282, 4, 314, 1, 2, 166, 249, 18, 17, 1, 4, 1, 1, 1, 1, 7, 337, 22, 26, 36, 178, 1, 2, 524, 17, 110, 27, 186, 6, 80, 368, 296, 642, 105, 6, 27, 1, 1, 215, 23, 55, 1, 7, 36, 265, 62, 55, 75, 3, 1, 14, 15, 268, 144, 43, 3, 4, 62, 60, 33, 173, 1, 4, 4, 1, 4, 7, 3, 68, 1, 11, 46, 342, 33, 34, 1, 17, 324, 1, 23, 37, 80, 2, 2, 194, 132, 6, 272, 14, 355, 52, 5, 17, 49, 3, 13, 120, 38, 75, 17, 111, 39, 407, 32, 24, 7, 30, 65, 2, 13, 5, 158, 56, 60, 33, 1, 83, 30, 119, 118, 71, 47, 2, 2, 27, 7, 3, 14, 251, 240, 7, 31, 3, 115, 141, 10, 95, 36, 25, 1, 77, 117, 432, 47, 8, 11, 1, 9, 2, 252, 156, 8, 2, 338, 234, 8, 1, 22, 8, 294, 67, 10, 229, 6, 4, 11, 155, 8, 2, 1, 36, 68, 35, 1, 2, 32, 11, 8, 114, 2, 10, 16, 6, 33, 23, 12, 2, 86, 8, 28, 234, 4, 22, 44, 2, 5, 1, 184, 1, 1, 45, 22, 16, 237, 7, 14, 3, 1, 1, 3, 1, 1, 31, 2, 3, 1, 1, 11, 26, 3, 40, 1, 24, 1, 1, 1, 2, 25, 2, 1, 1, 59, 142, 2, 83, 2, 4, 1, 92, 8, 18, 2, 18, 49, 7, 46, 17, 232, 2, 2, 4, 13, 67, 49, 4, 2, 1, 122, 53, 58, 7, 65, 24, 28, 2, 1, 1, 1, 68, 336, 2, 39, 11, 33, 2, 3, 4, 58, 16, 2, 4, 8, 42, 63, 9, 91, 60, 1, 202, 62, 49, 2, 39, 27, 77, 2, 6, 25, 5, 35, 13, 1, 109, 45, 20, 182, 8, 32, 2, 91, 81, 50, 89, 82, 52, 24, 86, 28, 51, 74, 11, 21, 4, 144, 23, 48, 1, 5, 31, 4, 1, 5, 77, 53, 11, 2, 4, 104, 39, 2, 113, 6, 60, 4, 6, 127, 5, 4, 54, 2, 32, 187, 216, 161, 4, 115, 40, 25, 165, 17, 48, 257, 208, 28, 20, 5, 7, 1, 40, 42, 12, 117, 7, 17, 1, 84, 1, 12, 43, 59, 1, 30, 9, 10, 12, 42, 1, 104, 62, 27, 19, 279, 3, 6, 16, 9, 5, 15, 137, 14, 5, 3, 42, 1, 1, 1, 24, 1, 18, 4, 9, 4, 41, 4, 1, 1, 81, 2, 8, 25, 53, 5, 68, 15, 77, 1, 8, 3, 2, 26, 36, 1, 381, 8, 1, 3, 68, 293, 2, 6, 20, 4, 23, 9, 2, 17, 179, 4, 4, 53, 34, 100, 1, 2, 1, 149, 20, 230, 7, 1, 2, 99, 1, 2, 3, 6, 1, 2, 2, 1, 1, 1, 89, 10, 1, 2, 3, 261, 1, 1, 9, 9, 12, 1, 11, 2, 90, 249, 53, 1, 8, 2, 54, 35, 12, 47, 6, 51, 12, 22, 147, 13, 101, 151, 186, 44, 38, 9, 541, 191, 4, 2, 2, 3, 22, 63, 1, 9, 13, 1, 2, 5, 5, 2, 1, 8, 7, 11, 32, 2, 42, 1, 43, 69, 100, 25, 76, 3, 23, 4, 1, 1, 7, 46, 7, 6, 58, 8, 1, 4, 279, 2, 6, 57, 26, 392, 130, 33, 6, 13, 29, 2, 5, 56, 2, 194, 6, 71, 8, 1, 6, 33, 165, 8, 457, 26, 1, 4, 2, 221, 7, 14, 2, 13, 18, 1, 22, 28, 125, 33, 37, 42, 6, 32, 2, 3, 1, 1, 19, 321, 545, 73, 385, 88, 265, 38, 37, 2, 15, 17, 53, 13, 1, 11, 58, 10, 71, 15, 20, 5, 2, 78, 2, 35, 2, 11, 1, 61, 1, 45, 2, 487, 363, 98, 19, 33, 64, 1, 15, 5, 7, 2, 15, 2, 59, 61, 4, 37, 36, 1, 3, 139, 2, 8, 30, 7, 4, 174, 371, 67, 1, 74, 297, 106, 1, 300, 3, 2, 58, 59, 5, 13, 9, 25, 8, 33, 1, 46, 57, 1, 3, 79, 4, 13, 79, 1, 23, 6, 7, 12, 4, 8, 83, 11, 49, 10, 20, 6, 58, 5, 255, 8, 114, 36, 5, 7, 153, 1, 1, 2, 9, 2, 72, 2, 71, 4, 30, 24, 8, 14, 18, 369, 86, 3, 4, 212, 5, 20, 12, 6, 1, 33, 85, 3, 24, 44, 25, 1, 10, 18, 21, 9, 97, 10, 27, 22, 10, 1, 4, 5, 15, 1, 52, 175, 7, 81, 12, 32, 1, 66, 27, 7, 8, 34, 6, 6, 10, 5, 34, 1, 3, 13, 5, 6, 1, 1, 1, 1, 2, 1, 4, 1, 37, 1, 1, 2, 15, 26, 1, 4, 1, 95, 1, 33, 10, 6, 2, 3, 5, 5, 1, 2, 1, 2, 24, 2, 73, 78, 110, 3, 23, 4, 84, 2, 1, 17, 44, 1, 2, 27, 11, 21, 8, 5, 7, 1, 25, 41, 57, 41, 2, 1, 45, 7, 2, 3, 51, 14, 1, 92, 31, 65, 8, 1, 2, 18, 2, 3, 2, 2, 1, 3, 7, 7, 13, 1, 5, 2, 185, 145, 3, 85, 329, 1, 94, 52, 2, 46, 1, 3, 17, 5, 9, 74, 6, 70, 25, 3, 1, 1, 9, 52, 3, 5, 196, 6, 1, 47, 3, 3, 1, 4, 31, 2, 18, 20, 22, 24, 29, 138, 1, 30, 3, 3, 118, 9, 19, 10, 1, 1, 2, 3, 1, 17, 1, 2, 3, 185, 1, 2, 157, 4, 56, 1, 3, 3, 1, 46, 1, 1, 5, 1, 1, 1, 1, 77, 4, 6, 59, 5, 6, 5, 21, 1198, 4, 54, 6, 1, 38, 4, 1, 6, 3, 1, 3, 15, 10, 7, 10, 4, 46, 64, 2, 326, 8, 25, 272, 88, 7, 1, 1, 5, 5, 1, 38, 9, 55, 2, 1, 1, 4, 4, 3, 1, 82, 2, 137, 24, 92, 3, 2, 1, 16, 1, 100, 83, 8, 15, 32, 4, 12, 2, 2, 1, 2, 72, 1, 31, 4, 14, 1, 3, 1, 6, 1, 1, 2, 10, 3, 29, 6, 1, 1, 4, 1, 2, 1, 1, 1, 1, 1, 7, 658, 1, 4, 22, 13, 1, 2, 5, 3, 1, 2, 135, 8, 2, 38, 7, 1, 46, 27, 4, 3, 6, 1, 3, 28, 22, 10, 4, 67, 20, 2, 14, 2, 7, 1, 68, 27, 62, 1, 5, 2, 13, 2, 296, 1, 47, 1, 2, 1, 44, 10, 1, 9, 1, 2, 4, 1, 2, 52, 20, 15, 1, 17, 1, 2, 2, 1, 1, 155, 1, 130, 11, 3, 46, 2, 8, 54, 1, 6, 56, 6, 1, 1, 58, 2, 2, 4, 4, 4, 2, 1, 6, 1, 3, 14, 23, 2, 1, 25, 1, 1, 10, 2, 1, 1, 1, 1, 1, 1, 1, 1, 1, 1, 1, 1, 1, 1, 1, 27, 1, 1, 1, 1, 77, 2, 1, 37, 2, 1, 1, 2, 3, 2, 1, 5, 11, 1, 1, 1, 20, 1, 2, 1, 1, 1, 1, 30, 6, 1, 9, 1, 15, 16, 109, 1, 41, 2, 4, 9, 6, 1, 1, 5, 25, 2, 30, 7, 1, 30, 4, 1, 1, 1, 1, 1, 6, 2, 1, 1, 3, 3, 2, 1, 1, 2, 2, 26]

---------------------- TRUSS DECOMPOSITION ----------------------
1-class: 1077 nodes; 13141 edges;
2-class: 932 nodes; 9825 edges;
3-class: 658 nodes; 6372 edges;
4-class: 425 nodes; 3754 edges;
5-class: 241 nodes; 1971 edges;
6-class: 132 nodes; 829 edges;
7-class: 57 nodes; 211 edges;
8-class: 12 nodes; 11 edges;

---------------------- K-TRUSSES ----------------------
3-truss: 1149 nodes; 9869 edges (number of internal messages); density = 0.014963777015614244; avg degree = 17.17841601392515; number of periphereal comunications = 1397;
4-truss: 660 nodes; 6210 edges (number of internal messages); density = 0.028555662850048284; avg degree = 18.818181818181817; number of periphereal comunications = 3133;
5-truss: 313 nodes; 3135 edges (number of internal messages); density = 0.06420496436470878; avg degree = 20.031948881789138; number of periphereal comunications = 3704;
